3
2
5
1
93 100 98
1 5
5 4 1 84 54 87
54 87 71 71 70 97 64 81 71 87 98 56 78 95 70 60 60 65
-1 14 -1 -1 -1 18 -1 -1 -1 18 -1 -1
27 28 28
3
3
5
0
99 97 63
1 4 5
88 92 91 1 1 3 5 1 2
77 77 68 85 84 81 62 71 59 81 71 100 85 55 50 96 89 91 72 76 97 85 66 64 65 65 51
-1 15 -1 -1 -1 20 -1 -1 -1 -1 16 -1 -1 -1 13 -1 -1 -1 -1 17 -1 -1 -1 14 -1 -1 -1
24 22 20
3
5
5
4
54 64 96
4 1 3 4 5
2 4 4 5 1 4 1 2 2 3 1 1 68 77 86
92 91 70 60 93 75 77 78 55 55 74 63 80 93 74 61 54 73 61 66 58 97 78 79 94 53 60 79 57 67 53 61 94 51 91 90 79 89 91 62 69 64 98 58 90
-1 15 -1 -1 -1 -1 -1 16 -1 -1 -1 -1 -1 10 -1 -1 -1 -1 -1 19 -1 -1 -1 -1 -1 -1 19 -1 -1 -1 -1 -1 13 -1 -1 -1 -1 -1 20 -1 -1 -1 -1 -1 13 -1 -1 -1 -1 -1 -1 15 -1 -1 -1 -1 -1 15 -1 -1 -1 -1 -1 12 -1 -1 -1 -1 -1 12 -1 -1 -1 -1 -1
23 29 27
3
8
5
6
70 50 59
5 4 4 5 2 5 2 4
3 1 4 3 4 2 1 3 1 3 1 1 2 2 5 3 4 5 88 88 64 5 3 5
98 90 81 64 96 78 98 66 82 81 93 98 99 50 90 65 60 66 74 76 75 58 95 98 88 73 52 61 89 86 81 71 76 66 81 94 67 67 95 97 75 89 93 54 92 60 91 82 98 58 98 64 61 79 76 88 89 74 59 87 85 70 78 72 88 60 84 95 64 88 50 97
-1 11 -1 -1 -1 -1 -1 -1 -1 -1 20 -1 -1 -1 -1 -1 -1 -1 -1 18 -1 -1 -1 -1 -1 -1 -1 -1 19 -1 -1 -1 -1 -1 -1 -1 -1 11 -1 -1 -1 -1 -1 -1 -1 -1 16 -1 -1 -1 -1 -1 -1 -1 -1 10 -1 -1 -1 -1 -1 -1 -1 -1 -1 15 -1 -1 -1 -1 -1 -1 -1 -1 13 -1 -1 -1 -1 -1 -1 -1 -1 17 -1 -1 -1 -1 -1 -1 -1 -1 15 -1 -1 -1 -1 -1 -1 -1 -1 19 -1 -1 -1 -1 -1 -1 -1 -1 17 -1 -1 -1 -1 -1 -1 -1 -1 14 -1 -1 -1 -1 -1 -1 -1 -1 -1 16 -1 -1 -1 -1 -1 -1 -1 -1 19 -1 -1 -1 -1 -1 -1 -1 -1 13 -1 -1 -1 -1 -1 -1 -1 -1 20 -1 -1 -1 -1 -1 -1 -1 -1 13 -1 -1 -1 -1 -1 -1 -1 -1 19 -1 -1 -1 -1 -1 -1 -1 -1 16 -1 -1 -1 -1 -1 -1 -1 -1
21 30 24
4
2
5
0
81 61 71 86
5 3
76 53 74 50 2 3 2 2
57 81 61 71 61 52 95 91 57 53 93 51 97 80 51 97 98 89 79 99 65 74 60 85 66 83 81 50 63 98 66 94
-1 13 -1 -1 -1 11 -1 -1 -1 14 -1 -1 -1 20 -1 -1
21 22 21 27
4
3
5
0
68 61 80 85
2 5 4
94 72 89 60 4 5 1 2 4 3 1 2
52 77 95 60 77 81 56 70 75 98 89 89 72 82 75 82 59 91 56 57 59 84 59 55 83 65 85 83 57 70 77 61 68 66 88 92 65 91 84 64 73 74 53 88 59 76 94 92
-1 10 -1 -1 -1 13 -1 -1 -1 -1 11 -1 -1 -1 18 -1 -1 -1 -1 20 -1 -1 -1 14 -1 -1 -1 -1 11 -1 -1 -1 17 -1 -1 -1
24 22 22 25
4
5
5
1
55 96 84 62
3 5 3 3 1
5 5 1 3 68 61 56 75 1 5 3 2 5 5 5 3 1 1 1 5
99 63 91 74 64 65 84 51 56 53 80 86 65 79 94 97 58 63 70 60 73 71 60 96 99 74 52 86 60 54 76 67 88 94 93 89 61 65 98 58 85 57 50 53 82 71 94 75 63 74 90 80 50 72 91 100 97 91 97 86 83 83 78 64 69 94 54 53 81 56 78 80 71 58 68 63 98 63 58 83
-1 19 -1 -1 -1 -1 -1 14 -1 -1 -1 -1 -1 19 -1 -1 -1 -1 -1 12 -1 -1 -1 -1 -1 -1 20 -1 -1 -1 -1 -1 18 -1 -1 -1 -1 -1 13 -1 -1 -1 -1 -1 18 -1 -1 -1 -1 -1 -1 18 -1 -1 -1 -1 -1 13 -1 -1 -1 -1 -1 11 -1 -1 -1 -1 -1 15 -1 -1 -1 -1 -1 -1 10 -1 -1 -1 -1 -1 17 -1 -1 -1 -1 -1 15 -1 -1 -1 -1 -1 14 -1 -1 -1 -1 -1
20 23 20 25
4
8
5
2
69 65 54 72
2 4 5 4 1 2 3 5
2 3 5 1 3 5 1 3 80 53 93 88 3 3 5 4 4 3 2 4 1 3 5 4 2 2 4 5 2 3 4 3
75 68 86 77 64 58 69 94 50 70 98 85 79 55 67 81 91 73 90 85 66 60 81 85 77 97 91 73 62 85 52 68 91 62 78 88 52 98 93 51 100 87 100 89 56 57 53 99 83 98 81 60 78 73 56 91 69 92 53 68 89 99 95 98 84 86 74 54 51 91 84 98 94 67 86 100 94 76 99 69 81 57 70 57 84 79 83 94 74 59 69 85 62 78 51 95 75 67 84 80 76 76 59 76 93 74 80 62 80 76 58 56 75 70 100 85 86 99 55 57 100 92 99 74 63 72 77 60
-1 14 -1 -1 -1 -1 -1 -1 -1 -1 16 -1 -1 -1 -1 -1 -1 -1 -1 12 -1 -1 -1 -1 -1 -1 -1 -1 15 -1 -1 -1 -1 -1 -1 -1 -1 11 -1 -1 -1 -1 -1 -1 -1 -1 17 -1 -1 -1 -1 -1 -1 -1 -1 14 -1 -1 -1 -1 -1 -1 -1 -1 -1 16 -1 -1 -1 -1 -1 -1 -1 -1 11 -1 -1 -1 -1 -1 -1 -1 -1 10 -1 -1 -1 -1 -1 -1 -1 -1 14 -1 -1 -1 -1 -1 -1 -1 -1 15 -1 -1 -1 -1 -1 -1 -1 -1 14 -1 -1 -1 -1 -1 -1 -1 -1 14 -1 -1 -1 -1 -1 -1 -1 -1 -1 11 -1 -1 -1 -1 -1 -1 -1 -1 20 -1 -1 -1 -1 -1 -1 -1 -1 19 -1 -1 -1 -1 -1 -1 -1 -1 20 -1 -1 -1 -1 -1 -1 -1 -1 13 -1 -1 -1 -1 -1 -1 -1 -1 19 -1 -1 -1 -1 -1 -1 -1 -1 18 -1 -1 -1 -1 -1 -1 -1 -1 -1 17 -1 -1 -1 -1 -1 -1 -1 -1 18 -1 -1 -1 -1 -1 -1 -1 -1 15 -1 -1 -1 -1 -1 -1 -1 -1 12 -1 -1 -1 -1 -1 -1 -1 -1 16 -1 -1 -1 -1 -1 -1 -1 -1 17 -1 -1 -1 -1 -1 -1 -1 -1 15 -1 -1 -1 -1 -1 -1 -1 -1
20 24 21 27
6
2
5
1
93 67 74 51 70 66
3 5
4 3 3 4 1 5 50 72 79 51 97 99
92 71 81 56 73 85 68 92 76 84 50 54 89 83 72 59 96 100 98 77 99 59 72 96 79 74 91 63 65 77 98 95 55 75 89 79 58 73 55 96 80 80 83 78 81 59 75 70 95 60 59 90 86 54 73 64 98 58 94 73 50 92 77 69 92 83 68 80 95 61 52 94
-1 18 -1 -1 -1 14 -1 -1 -1 19 -1 -1 -1 17 -1 -1 -1 15 -1 -1 -1 18 -1 -1
25 23 22 29 24 26
6
3
5
1
94 50 89 89 72 82
5 4 1
1 3 5 3 4 2 58 53 51 95 97 78 5 5 2 4 5 1
88 50 96 54 95 63 56 52 73 58 84 63 62 89 56 85 69 57 99 52 70 55 91 73 95 84 76 97 100 86 85 73 100 74 71 92 97 61 59 92 72 95 52 53 93 85 60 56 54 75 50 88 59 63 76 78 71 53 52 99 87 64 90 98 95 91 65 60 95 95 59 84 59 97 75 83 55 88 66 69 100 52 54 94 92 67 95 88 77 97 94 77 52 89 58 92 98 52 76 91 75 72 86 78 79 89 81 74
-1 14 -1 -1 -1 19 -1 -1 -1 -1 11 -1 -1 -1 17 -1 -1 -1 -1 11 -1 -1 -1 14 -1 -1 -1 -1 16 -1 -1 -1 13 -1 -1 -1 -1 13 -1 -1 -1 12 -1 -1 -1 -1 20 -1 -1 -1 17 -1 -1 -1
20 27 26 21 22 22
6
5
5
2
56 63 58 94 83 88
1 5 1 1 2
4 3 2 2 4 3 3 2 5 5 3 1 96 62 72 96 95 71 2 5 2 5 1 3 5 3 5 1 5 4
99 94 79 80 92 61 90 56 60 91 93 94 56 100 88 55 61 82 76 95 59 75 84 70 79 96 71 58 73 82 87 54 53 61 64 95 61 53 94 76 57 76 94 75 100 72 97 62 53 99 61 62 64 63 98 67 76 72 96 73 64 67 72 91 96 85 63 98 78 86 94 63 70 85 56 71 93 86 97 98 98 69 100 92 81 93 91 52 80 77 65 75 56 80 98 94 97 90 70 73 81 68 98 67 100 62 66 70 66 60 68 51 73 87 87 52 60 73 71 89 71 72 58 80 70 76 63 77 78 75 52 76 66 70 89 63 82 91 76 95 63 97 55 91 90 78 80 64 92 64 81 75 69 86 90 94 94 81 90 62 65 78 61 92 65 100 62 85 80 82 84 90 82 91 79 55 64 56 82 72
-1 12 -1 -1 -1 -1 -1 19 -1 -1 -1 -1 -1 10 -1 -1 -1 -1 -1 18 -1 -1 -1 -1 -1 -1 10 -1 -1 -1 -1 -1 11 -1 -1 -1 -1 -1 13 -1 -1 -1 -1 -1 14 -1 -1 -1 -1 -1 -1 12 -1 -1 -1 -1 -1 13 -1 -1 -1 -1 -1 15 -1 -1 -1 -1 -1 20 -1 -1 -1 -1 -1 -1 10 -1 -1 -1 -1 -1 19 -1 -1 -1 -1 -1 12 -1 -1 -1 -1 -1 13 -1 -1 -1 -1 -1 -1 15 -1 -1 -1 -1 -1 10 -1 -1 -1 -1 -1 14 -1 -1 -1 -1 -1 15 -1 -1 -1 -1 -1 -1 20 -1 -1 -1 -1 -1 12 -1 -1 -1 -1 -1 12 -1 -1 -1 -1 -1 19 -1 -1 -1 -1 -1
26 26 22 30 23 27
6
8
5
3
59 72 55 54 77 69
4 1 2 2 2 3 1 1
4 1 3 2 5 5 2 4 2 4 5 5 4 1 2 2 4 4 94 99 74 82 91 81 3 3 1 4 1 4 1 1 1 5 4 5 5 2 1 4 5 5 3 4 1 4 5 5
74 70 57 91 80 81 72 79 55 90 71 74 70 65 62 68 81 57 74 75 58 97 52 87 75 68 73 82 84 71 89 98 79 99 54 50 65 66 55 96 80 79 72 77 72 70 85 50 90 100 96 59 96 92 94 84 63 79 74 99 56 63 80 74 76 91 91 96 68 55 97 92 91 75 74 67 53 71 53 85 69 83 91 93 51 62 55 91 54 67 57 58 92 73 58 62 61 56 53 56 83 55 66 99 94 98 93 73 50 88 73 54 79 94 63 73 54 69 51 59 84 56 82 62 97 76 93 53 72 62 85 92 75 92 71 100 65 63 74 60 63 93 53 71 100 63 76 84 63 55 61 78 56 75 99 99 90 78 56 79 69 94 74 66 87 82 81 67 99 70 73 57 99 74 52 53 65 95 70 84 99 92 80 54 77 90 76 97 81 81 97 71 94 64 74 94 88 86 95 95 64 79 80 81 78 79 82 71 73 53 92 85 74 92 84 86 51 52 51 58 67 72 73 55 63 93 73 87 59 55 83 78 98 87 77 66 83 72 76 50 70 74 77 97 59 72 94 63 56 78 74 87 98 50 80 86 76 58 99 79 92 54 85 70 78 89 51 100 63 58 64 98 97 61 69 100 76 59 93 50 84 76 81 53 65 90 83 94
-1 14 -1 -1 -1 -1 -1 -1 -1 -1 12 -1 -1 -1 -1 -1 -1 -1 -1 14 -1 -1 -1 -1 -1 -1 -1 -1 11 -1 -1 -1 -1 -1 -1 -1 -1 13 -1 -1 -1 -1 -1 -1 -1 -1 10 -1 -1 -1 -1 -1 -1 -1 -1 16 -1 -1 -1 -1 -1 -1 -1 -1 -1 13 -1 -1 -1 -1 -1 -1 -1 -1 15 -1 -1 -1 -1 -1 -1 -1 -1 13 -1 -1 -1 -1 -1 -1 -1 -1 12 -1 -1 -1 -1 -1 -1 -1 -1 18 -1 -1 -1 -1 -1 -1 -1 -1 19 -1 -1 -1 -1 -1 -1 -1 -1 13 -1 -1 -1 -1 -1 -1 -1 -1 -1 10 -1 -1 -1 -1 -1 -1 -1 -1 14 -1 -1 -1 -1 -1 -1 -1 -1 17 -1 -1 -1 -1 -1 -1 -1 -1 12 -1 -1 -1 -1 -1 -1 -1 -1 12 -1 -1 -1 -1 -1 -1 -1 -1 18 -1 -1 -1 -1 -1 -1 -1 -1 10 -1 -1 -1 -1 -1 -1 -1 -1 -1 14 -1 -1 -1 -1 -1 -1 -1 -1 19 -1 -1 -1 -1 -1 -1 -1 -1 19 -1 -1 -1 -1 -1 -1 -1 -1 17 -1 -1 -1 -1 -1 -1 -1 -1 17 -1 -1 -1 -1 -1 -1 -1 -1 14 -1 -1 -1 -1 -1 -1 -1 -1 14 -1 -1 -1 -1 -1 -1 -1 -1 -1 17 -1 -1 -1 -1 -1 -1 -1 -1 18 -1 -1 -1 -1 -1 -1 -1 -1 10 -1 -1 -1 -1 -1 -1 -1 -1 19 -1 -1 -1 -1 -1 -1 -1 -1 16 -1 -1 -1 -1 -1 -1 -1 -1 12 -1 -1 -1 -1 -1 -1 -1 -1 15 -1 -1 -1 -1 -1 -1 -1 -1 -1 19 -1 -1 -1 -1 -1 -1 -1 -1 11 -1 -1 -1 -1 -1 -1 -1 -1 14 -1 -1 -1 -1 -1 -1 -1 -1 13 -1 -1 -1 -1 -1 -1 -1 -1 17 -1 -1 -1 -1 -1 -1 -1 -1 18 -1 -1 -1 -1 -1 -1 -1 -1 11 -1 -1 -1 -1 -1 -1 -1 -1
28 23 21 29 25 25
8
2
5
1
100 50 67 77 97 69 83 63
3 2
5 2 2 2 3 1 2 1 98 82 99 99 77 68 83 60
53 83 60 61 57 65 73 55 62 100 78 57 58 92 52 81 92 66 96 87 62 60 76 82 51 94 57 88 96 95 61 65 85 77 83 70 61 99 68 93 97 69 55 63 52 69 60 68 78 83 58 75 80 81 89 86 58 98 97 93 71 77 63 61 99 70 87 78 60 62 72 69 86 61 58 50 57 60 55 78 76 57 71 64 79 90 66 50 61 67 50 75 93 51 81 85 64 80 89 92 50 73 95 69 79 92 100 56 53 85 62 82 72 84 69 51 78 93 65 89 92 65 94 71 92 81 87 74
-1 20 -1 -1 -1 12 -1 -1 -1 15 -1 -1 -1 12 -1 -1 -1 17 -1 -1 -1 19 -1 -1 -1 11 -1 -1 -1 14 -1 -1
22 25 20 24 24 26 22 27
8
3
5
1
66 83 55 56 90 92 94 53
3 2 1
1 1 5 4 2 4 2 5 59 83 94 99 81 62 93 83 2 1 3 3 1 2 3 2
92 60 56 55 55 98 55 62 84 89 56 77 70 72 80 65 95 53 75 73 56 82 53 81 99 92 100 73 56 79 83 72 69 100 82 76 97 75 73 83 94 88 52 75 74 65 68 75 83 85 93 93 64 82 53 68 58 86 89 86 63 74 90 74 89 94 62 90 59 93 55 83 78 70 68 61 56 53 97 56 98 70 63 82 74 75 67 94 79 73 70 64 55 53 100 65 81 84 70 50 67 80 85 68 66 75 91 56 65 76 67 63 81 76 79 74 56 86 79 88 79 54 54 90 71 78 74 62 82 71 59 59 67 56 56 72 100 63 62 64 75 77 68 83 86 55 93 100 94 71 61 54 53 65 56 52 51 90 61 53 74 85 87 73 100 74 56 87 76 86 71 85 84 56 93 100 78 57 51 92 65 64 52 82 61 74 57 61 73 93 83 84
-1 10 -1 -1 -1 14 -1 -1 -1 -1 19 -1 -1 -1 18 -1 -1 -1 -1 19 -1 -1 -1 19 -1 -1 -1 -1 11 -1 -1 -1 18 -1 -1 -1 -1 10 -1 -1 -1 12 -1 -1 -1 -1 16 -1 -1 -1 14 -1 -1 -1 -1 19 -1 -1 -1 10 -1 -1 -1 -1 13 -1 -1 -1 17 -1 -1 -1
30 23 21 26 30 25 28 21
8
5
5
0
71 82 87 74 81 56 93 96
5 2 3 1 5
90 81 56 62 50 50 69 86 4 2 5 3 2 3 2 1 1 1 5 2 2 1 3 1 1 1 2 5 3 4 2 5 2 4 2 2 4 5 3 2
72 67 55 100 77 100 91 67 91 75 76 82 93 66 85 83 61 83 58 78 100 98 59 73 63 67 84 52 61 97 50 93 74 52 83 61 73 50 77 79 53 85 81 61 61 55 79 85 73 84 94 75 97 88 62 65 55 62 87 71 83 78 50 99 80 75 95 56 62 66 71 67 91 52 61 78 56 93 99 54 81 75 52 84 57 77 59 85 66 95 81 75 65 92 90 78 62 62 71 77 57 96 61 78 78 61 74 64 74 54 100 76 59 58 71 76 71 61 58 73 67 76 57 78 85 75 81 74 76 100 87 53 99 90 82 68 82 61 85 60 69 86 51 96 59 76 57 59 96 65 65 51 55 84 83 97 84 54 80 52 61 63 91 86 55 89 56 65 71 81 80 88 99 81 60 100 74 89 100 74 64 87 59 100 95 86 51 86 98 67 58 74 60 70 84 60 80 66 60 68 64 57 95 60 98 98 88 91 70 80 96 85 56 77 72 63 54 90 69 64 51 72 55 54 74 100 83 80 72 60 88 61 59 97 95 52 77 82 57 100 82 52 64 95 68 57 57 76 85 82 61 70 63 81 87 99 50 97 76 80 100 88 58 58 85 64 62 73 59 57 74 69 98 57 63 81 87 87 95 70 90 51 81 81 67 95 62 59 64 70 94 73 88 87 96 54 57 50 75 95 93 69 51 52 98 78 59 54 57 56 93 62 89 73 97 77 65 88 54 66
-1 13 -1 -1 -1 -1 -1 10 -1 -1 -1 -1 -1 10 -1 -1 -1 -1 -1 18 -1 -1 -1 -1 -1 -1 15 -1 -1 -1 -1 -1 13 -1 -1 -1 -1 -1 10 -1 -1 -1 -1 -1 13 -1 -1 -1 -1 -1 -1 13 -1 -1 -1 -1 -1 18 -1 -1 -1 -1 -1 15 -1 -1 -1 -1 -1 13 -1 -1 -1 -1 -1 -1 19 -1 -1 -1 -1 -1 10 -1 -1 -1 -1 -1 19 -1 -1 -1 -1 -1 16 -1 -1 -1 -1 -1 -1 13 -1 -1 -1 -1 -1 15 -1 -1 -1 -1 -1 13 -1 -1 -1 -1 -1 12 -1 -1 -1 -1 -1 -1 17 -1 -1 -1 -1 -1 12 -1 -1 -1 -1 -1 19 -1 -1 -1 -1 -1 13 -1 -1 -1 -1 -1 -1 18 -1 -1 -1 -1 -1 17 -1 -1 -1 -1 -1 15 -1 -1 -1 -1 -1 17 -1 -1 -1 -1 -1 -1 18 -1 -1 -1 -1 -1 18 -1 -1 -1 -1 -1 19 -1 -1 -1 -1 -1 16 -1 -1 -1 -1 -1
25 27 21 24 23 24 24 21
8
8
5
1
54 86 56 58 57 58 68 63
3 2 3 4 5 4 3 2
4 1 2 3 4 1 4 2 83 96 55 92 54 88 88 57 2 1 5 4 4 5 2 5 3 4 5 4 4 2 5 4 2 1 5 2 3 5 1 5 1 3 5 3 4 3 2 1 4 3 3 1 1 5 3 1 2 1 4 3 5 3 2 1
66 97 82 61 75 60 99 86 60 63 83 66 91 61 86 58 78 96 72 50 59 84 66 51 77 73 58 52 77 86 86 80 79 99 94 98 83 59 70 85 60 82 94 74 92 54 79 73 93 71 54 86 81 100 85 50 53 84 70 70 67 89 100 57 70 74 83 96 98 71 99 89 85 59 66 56 58 89 62 58 64 52 61 84 55 89 92 56 91 83 90 90 66 87 76 100 79 58 55 81 67 71 85 73 71 74 82 62 59 72 97 100 76 96 62 77 64 85 71 61 97 79 65 98 62 96 69 57 61 80 86 89 73 90 57 61 61 75 95 64 72 52 67 55 68 75 61 55 53 73 53 74 86 54 92 66 55 64 89 53 96 68 71 100 97 80 93 76 64 76 86 99 91 50 58 68 80 69 51 66 87 87 75 87 80 84 93 87 59 80 54 87 74 93 99 64 62 98 89 52 94 79 78 73 75 85 54 50 58 87 60 91 99 67 64 96 75 65 78 95 91 73 87 96 85 54 63 80 70 84 75 60 85 73 76 75 82 91 54 96 87 79 64 85 60 97 93 93 57 72 62 86 90 90 72 88 50 90 54 54 88 52 85 59 76 50 81 53 76 73 97 70 71 51 65 66 83 66 59 92 86 86 95 91 55 96 76 88 60 99 71 54 96 57 84 53 91 59 54 61 97 56 94 52 98 89 84 61 91 62 95 100 59 59 63 69 81 94 100 83 99 89 62 98 96 89 51 54 81 64 54 55 100 89 75 67 63 70 94 77 97 61 57 89 75 94 50 80 51 97 76 55 92 78 77 78 86 57 55 95 87 89 82 95 77 92 66 97 85 79 81 89 51 65 80 51 56 100 98 85 60 50 90 94 100 80 70 51 54 71 61 63 72 61 85 78 96 80 57 60 53 86 92 76 77 64 73 63 59 99 65 54 83 83 87 71 70 60 100 62 55 79 73 64 97 97 56 82 91 85 96 99 86 100 54 89 85 65 79 66 70 75 88 81 77 94 51 63 53 52 79 52 68 55 68 74 82 56 70 96 51 62 86 100 90 54 81 100 83 96 57 51 68 67 75 96 79 59 51 59 54 87 86 79 76 52 76 55 66 88 73 61 83 80 91 92 87 77 89 94 99 71 96 67 57 99 95 84 64 75 100 84
-1 20 -1 -1 -1 -1 -1 -1 -1 -1 15 -1 -1 -1 -1 -1 -1 -1 -1 10 -1 -1 -1 -1 -1 -1 -1 -1 15 -1 -1 -1 -1 -1 -1 -1 -1 14 -1 -1 -1 -1 -1 -1 -1 -1 19 -1 -1 -1 -1 -1 -1 -1 -1 15 -1 -1 -1 -1 -1 -1 -1 -1 -1 13 -1 -1 -1 -1 -1 -1 -1 -1 20 -1 -1 -1 -1 -1 -1 -1 -1 12 -1 -1 -1 -1 -1 -1 -1 -1 13 -1 -1 -1 -1 -1 -1 -1 -1 15 -1 -1 -1 -1 -1 -1 -1 -1 20 -1 -1 -1 -1 -1 -1 -1 -1 14 -1 -1 -1 -1 -1 -1 -1 -1 -1 20 -1 -1 -1 -1 -1 -1 -1 -1 11 -1 -1 -1 -1 -1 -1 -1 -1 17 -1 -1 -1 -1 -1 -1 -1 -1 16 -1 -1 -1 -1 -1 -1 -1 -1 13 -1 -1 -1 -1 -1 -1 -1 -1 17 -1 -1 -1 -1 -1 -1 -1 -1 13 -1 -1 -1 -1 -1 -1 -1 -1 -1 10 -1 -1 -1 -1 -1 -1 -1 -1 19 -1 -1 -1 -1 -1 -1 -1 -1 16 -1 -1 -1 -1 -1 -1 -1 -1 14 -1 -1 -1 -1 -1 -1 -1 -1 17 -1 -1 -1 -1 -1 -1 -1 -1 10 -1 -1 -1 -1 -1 -1 -1 -1 10 -1 -1 -1 -1 -1 -1 -1 -1 -1 18 -1 -1 -1 -1 -1 -1 -1 -1 15 -1 -1 -1 -1 -1 -1 -1 -1 10 -1 -1 -1 -1 -1 -1 -1 -1 10 -1 -1 -1 -1 -1 -1 -1 -1 10 -1 -1 -1 -1 -1 -1 -1 -1 16 -1 -1 -1 -1 -1 -1 -1 -1 15 -1 -1 -1 -1 -1 -1 -1 -1 -1 11 -1 -1 -1 -1 -1 -1 -1 -1 10 -1 -1 -1 -1 -1 -1 -1 -1 13 -1 -1 -1 -1 -1 -1 -1 -1 12 -1 -1 -1 -1 -1 -1 -1 -1 13 -1 -1 -1 -1 -1 -1 -1 -1 11 -1 -1 -1 -1 -1 -1 -1 -1 15 -1 -1 -1 -1 -1 -1 -1 -1 -1 11 -1 -1 -1 -1 -1 -1 -1 -1 13 -1 -1 -1 -1 -1 -1 -1 -1 12 -1 -1 -1 -1 -1 -1 -1 -1 19 -1 -1 -1 -1 -1 -1 -1 -1 11 -1 -1 -1 -1 -1 -1 -1 -1 15 -1 -1 -1 -1 -1 -1 -1 -1 16 -1 -1 -1 -1 -1 -1 -1 -1 -1 16 -1 -1 -1 -1 -1 -1 -1 -1 14 -1 -1 -1 -1 -1 -1 -1 -1 12 -1 -1 -1 -1 -1 -1 -1 -1 19 -1 -1 -1 -1 -1 -1 -1 -1 19 -1 -1 -1 -1 -1 -1 -1 -1 18 -1 -1 -1 -1 -1 -1 -1 -1 11 -1 -1 -1 -1 -1 -1 -1 -1
26 28 28 20 23 29 22 29
10
2
5
1
53 75 74 95 79 74 71 88 65 88
5 4
2 5 3 3 4 4 4 1 5 4 58 93 78 54 79 74 60 80 100 69
52 88 51 84 79 89 56 74 51 98 77 77 95 84 67 51 79 76 96 70 97 84 86 56 53 63 58 59 54 94 63 84 75 50 50 76 84 57 52 79 62 100 61 92 73 79 91 67 99 93 92 53 95 80 61 56 65 56 56 71 56 87 60 78 74 72 100 54 98 59 94 63 80 56 79 58 59 93 84 66 83 87 90 65 62 94 81 81 67 81 84 100 96 51 66 64 78 68 93 70 83 72 94 98 70 76 67 54 61 77 59 70 77 84 79 92 90 58 75 80 75 63 93 53 68 52 92 78 67 52 52 50 93 55 89 80 99 65 74 56 63 73 95 91 59 98 56 61 70 99 61 74 52 78 99 71 60 59 92 92 94 82 61 90 55 52 81 92 53 83 96 74 92 71 66 65 57 61 90 78 92 77 86 80 93 77 85 98 98 97 65 99 79 92 71 71 99 89 65 81
-1 15 -1 -1 -1 13 -1 -1 -1 13 -1 -1 -1 20 -1 -1 -1 12 -1 -1 -1 10 -1 -1 -1 20 -1 -1 -1 18 -1 -1 -1 18 -1 -1 -1 15 -1 -1
26 25 22 25 26 30 20 28 22 23
10
3
5
0
75 57 52 99 88 83 59 50 75 95
1 5 4
79 69 95 99 56 66 98 84 65 51 4 2 3 3 2 4 5 2 2 5 2 5 4 1 4 4 3 2 3 1
78 90 83 52 55 96 66 58 98 84 52 58 56 61 76 72 94 58 84 100 88 69 76 79 73 66 63 58 53 78 94 92 58 92 73 84 68 52 74 64 57 54 70 66 62 83 87 57 87 97 59 58 61 80 92 76 65 96 96 97 91 72 64 93 85 69 66 91 61 92 99 53 75 68 67 81 80 54 85 93 53 61 77 88 71 80 81 91 55 62 72 82 79 65 88 96 98 80 66 52 92 64 54 51 66 75 95 62 70 74 54 63 51 91 91 66 85 52 52 63 55 85 71 55 56 82 98 70 82 60 52 63 76 65 61 59 60 95 88 54 56 62 69 50 65 87 88 55 89 54 78 87 71 59 58 69 75 56 84 64 62 82 67 62 82 88 70 51 54 99 63 84 99 67 91 65 77 92 73 62 73 91 92 73 72 93 61 59 62 73 77 65 56 85 67 62 91 50 73 59 53 97 57 57 98 93 82 59 66 100 75 62 94 55 96 56 59 63 69 59 88 69 87 54 52 72 71 82 78 62 88 50 65 70 64 67 87 56 52 74 75 68 62 56 96 55 64 62 89 52 72 98 76 62 100 56 90 85 67 93 81 92 60 67 70 92 91 54 60 96 73 60 65 56 99 97 88 71 85 58 73 87 92 83 91 82 74 63 55 79 60 51 53 89 61 86 82 59 59 83
-1 17 -1 -1 -1 15 -1 -1 -1 -1 12 -1 -1 -1 14 -1 -1 -1 -1 11 -1 -1 -1 19 -1 -1 -1 -1 12 -1 -1 -1 19 -1 -1 -1 -1 18 -1 -1 -1 20 -1 -1 -1 -1 20 -1 -1 -1 11 -1 -1 -1 -1 10 -1 -1 -1 13 -1 -1 -1 -1 18 -1 -1 -1 18 -1 -1 -1 -1 14 -1 -1 -1 16 -1 -1 -1 -1 11 -1 -1 -1 18 -1 -1 -1
25 25 20 21 23 20 24 21 24 25
10
5
5
3
99 73 69 72 89 54 76 51 56 62
3 1 2 5 2
1 5 1 3 3 1 3 5 4 3 1 3 5 1 1 1 4 5 1 4 5 4 4 4 2 4 2 4 2 4 79 79 63 98 72 58 57 77 94 98 2 1 5 3 5 4 1 4 1 3
92 62 61 84 69 68 50 96 74 59 79 66 93 86 64 93 95 82 94 86 73 77 61 73 81 78 67 81 84 94 100 74 59 73 82 50 76 62 97 60 89 58 77 54 73 57 70 68 72 74 95 89 97 65 97 84 70 78 83 54 64 64 86 64 96 50 50 62 81 90 81 59 92 99 59 90 91 95 65 70 96 89 75 75 61 70 53 59 76 100 50 62 84 50 72 97 76 50 68 85 69 95 96 74 97 77 55 96 91 79 77 83 99 75 99 100 99 58 78 65 100 71 96 78 50 90 67 99 59 69 64 71 98 56 65 66 84 85 94 64 70 58 61 52 66 81 64 65 70 65 81 95 85 58 67 71 55 52 55 75 81 77 81 97 100 100 97 85 90 69 81 82 91 97 98 97 59 52 100 88 53 52 70 98 59 72 61 60 98 60 50 61 96 56 96 70 54 100 66 60 85 60 60 60 98 64 99 78 63 72 86 86 83 60 68 100 76 62 89 72 95 99 82 79 51 94 89 61 67 95 94 70 77 76 99 95 69 71 96 77 95 62 84 69 59 72 70 95 97 97 84 61 84 59 85 95 56 55 56 99 98 90 51 99 71 79 64 59 55 65 59 55 99 73 92 72 99 61 94 77 67 83 71 84 68 62 80 99 100 60 77 79 76 84 95 71 60 50 62 80 93 77 88 68 100 54 92 61 51 71 98 72 75 96 90 69 89 80 80 78 91 83 51 77 84 51 52 79 80 74 83 99 81 98 79 97 77 83 65 87 84 71 100 89 63 66 91 89 52 56 54 59 82 60 82 51 54 78 91 60 97 84 54 58 76 94 85 72 63 87 51 94 55 56 95 82 85 86 97 82 70 57 87 96 83 64 80 53 82 95 89 95 53 60 72 71 97 59 60 64 54 94 61 97 80 67 92 54 70 75 59 78 69 100 91 82 92 94 57 94 79 90 80 80 97 50 64 52 62 87 90 97 74 84 74 86 53 52 81 97 61 53 94 67 88 53 66 98 70 51 80 95 61 50 78 84 85 84 80 60 60 56 63 88 99 99 65 63 65 59 55 77 94 91 70 77 64 89 67 50 95 84 55 65 82 84 64 70 50 89 91 93 100 60 98 84 81 94 59 90
-1 20 -1 -1 -1 -1 -1 18 -1 -1 -1 -1 -1 14 -1 -1 -1 -1 -1 20 -1 -1 -1 -1 -1 -1 11 -1 -1 -1 -1 -1 10 -1 -1 -1 -1 -1 20 -1 -1 -1 -1 -1 16 -1 -1 -1 -1 -1 -1 18 -1 -1 -1 -1 -1 17 -1 -1 -1 -1 -1 20 -1 -1 -1 -1 -1 17 -1 -1 -1 -1 -1 -1 11 -1 -1 -1 -1 -1 15 -1 -1 -1 -1 -1 13 -1 -1 -1 -1 -1 15 -1 -1 -1 -1 -1 -1 16 -1 -1 -1 -1 -1 17 -1 -1 -1 -1 -1 16 -1 -1 -1 -1 -1 19 -1 -1 -1 -1 -1 -1 12 -1 -1 -1 -1 -1 15 -1 -1 -1 -1 -1 20 -1 -1 -1 -1 -1 17 -1 -1 -1 -1 -1 -1 12 -1 -1 -1 -1 -1 12 -1 -1 -1 -1 -1 18 -1 -1 -1 -1 -1 17 -1 -1 -1 -1 -1 -1 10 -1 -1 -1 -1 -1 11 -1 -1 -1 -1 -1 14 -1 -1 -1 -1 -1 13 -1 -1 -1 -1 -1 -1 16 -1 -1 -1 -1 -1 11 -1 -1 -1 -1 -1 15 -1 -1 -1 -1 -1 13 -1 -1 -1 -1 -1 -1 17 -1 -1 -1 -1 -1 12 -1 -1 -1 -1 -1 18 -1 -1 -1 -1 -1 17 -1 -1 -1 -1 -1
24 28 28 24 28 30 22 22 25 20
10
8
5
6
83 79 75 62 72 67 61 65 82 52
1 1 4 1 2 5 4 3
5 2 4 5 4 5 1 3 5 1 1 3 1 1 3 4 2 5 2 5 4 1 3 1 2 2 5 1 1 4 5 4 4 5 2 1 3 3 4 5 4 3 3 5 5 4 1 3 5 5 1 1 1 5 5 2 1 5 3 5 52 58 75 84 90 79 81 67 99 97 1 2 4 4 2 1 4 2 3 5
89 99 94 69 80 76 51 66 66 71 72 69 73 65 76 78 83 71 85 78 99 100 67 76 73 97 87 65 64 83 60 71 100 79 86 99 88 73 94 64 83 81 90 50 92 98 74 56 62 93 81 91 70 76 63 78 61 98 71 61 92 53 70 87 71 82 55 51 78 98 85 69 97 52 68 85 51 80 60 65 76 58 62 79 85 81 88 67 94 58 56 62 53 78 100 61 52 79 93 62 100 96 54 93 71 53 93 66 79 83 85 68 97 83 76 75 55 89 92 65 56 56 67 60 67 71 50 76 76 73 90 87 72 62 57 98 78 82 86 89 58 69 66 62 85 87 97 53 75 57 72 54 92 85 99 62 88 91 83 69 61 71 77 62 53 50 68 63 60 52 59 59 76 85 81 67 62 85 73 94 79 85 84 59 78 79 88 91 93 78 60 74 82 59 98 95 53 79 67 74 85 82 51 63 65 82 96 74 83 59 77 54 96 54 85 65 58 53 76 71 77 50 64 74 83 66 54 71 90 61 59 88 84 99 91 92 76 66 71 69 78 89 85 53 82 91 75 73 67 65 53 75 69 99 96 60 84 92 56 69 72 91 86 84 99 69 67 97 92 66 51 52 55 70 97 50 71 88 65 97 80 92 79 61 89 73 79 89 73 56 58 61 73 76 54 53 95 64 98 90 92 53 69 53 88 85 73 68 98 81 96 77 58 58 78 71 70 55 92 75 87 75 97 51 73 72 83 91 88 93 61 52 73 95 92 74 58 55 63 76 89 62 67 62 92 57 78 92 88 92 52 86 81 93 93 91 80 56 53 84 96 69 59 62 50 51 73 69 94 91 97 88 95 75 76 79 59 65 63 50 60 73 81 65 54 69 71 62 92 96 76 96 72 93 72 69 62 64 80 90 51 54 72 96 73 76 96 81 89 52 55 94 56 82 70 65 65 73 96 57 74 86 90 90 55 89 79 50 53 58 97 71 77 69 56 100 86 88 88 75 83 59 84 64 94 71 78 94 65 56 79 65 52 65 68 90 65 75 68 69 98 94 55 82 53 55 65 80 51 54 55 65 50 89 73 53 51 80 70 78 72 99 57 85 61 99 69 83 63 66 53 90 86 50 92 90 100 69 77 86 86 50 93 74 91 92 62 97 61 68 77 60 82 50 97 87 85 53 93 70 75 91 71 98 53 92 98 61 80 53 50 53 88 95 76 63 71 58 50 89 92 50 77 98 70 71 64 54 89 50 77 67 59 65 85 84 66 77 91 90 55 61 50 61 66 71 50 60 77 79 67 55 83 79 85 95 50 76 72 90 97 95 59 76 92 93 61 77 83 65 62 55 77 95 66 58 84 60 81 72 61 57 51 73 77 91 61 55 55 68 80 66 99 70 61 77 93 71 53 74 64 67 76 95 66 65 67 100 73 100 70 70 90 82 68 63 75 98 69 89 79 64 65 99 75 92 54 74 63 83 60 69 79 80 92 51 97 63 67 95 96 84 63 60 85 66 96 83 82 53 80 68 98 76 63 59 88 71 67 82 61 68 79 97 100 82 59 96 54 97 90 92 64 71 83 96 62 78 81 96 92 77 61 52 81 100 75 81 74 90 72 94 88 78 72 92 93 75 78 76 73 68 99 63 73 62 89 76 99 51 95 92 56 76 92 59 50 77 93 89 64 98 87 98 71 75 76 56 100 97 89 87 60 76 100 76 51 52 72 98 94 94 80 55 88 83 91 73 75 56 81 66 88 80 76 88 75 85 68 100 51 58 56 99 83 87 75 58 69 94 83 100 52 61 50 95 86 77 89 88
-1 18 -1 -1 -1 -1 -1 -1 -1 -1 18 -1 -1 -1 -1 -1 -1 -1 -1 10 -1 -1 -1 -1 -1 -1 -1 -1 18 -1 -1 -1 -1 -1 -1 -1 -1 16 -1 -1 -1 -1 -1 -1 -1 -1 15 -1 -1 -1 -1 -1 -1 -1 -1 11 -1 -1 -1 -1 -1 -1 -1 -1 -1 18 -1 -1 -1 -1 -1 -1 -1 -1 13 -1 -1 -1 -1 -1 -1 -1 -1 13 -1 -1 -1 -1 -1 -1 -1 -1 16 -1 -1 -1 -1 -1 -1 -1 -1 19 -1 -1 -1 -1 -1 -1 -1 -1 15 -1 -1 -1 -1 -1 -1 -1 -1 19 -1 -1 -1 -1 -1 -1 -1 -1 -1 16 -1 -1 -1 -1 -1 -1 -1 -1 10 -1 -1 -1 -1 -1 -1 -1 -1 13 -1 -1 -1 -1 -1 -1 -1 -1 11 -1 -1 -1 -1 -1 -1 -1 -1 17 -1 -1 -1 -1 -1 -1 -1 -1 15 -1 -1 -1 -1 -1 -1 -1 -1 11 -1 -1 -1 -1 -1 -1 -1 -1 -1 10 -1 -1 -1 -1 -1 -1 -1 -1 17 -1 -1 -1 -1 -1 -1 -1 -1 15 -1 -1 -1 -1 -1 -1 -1 -1 18 -1 -1 -1 -1 -1 -1 -1 -1 13 -1 -1 -1 -1 -1 -1 -1 -1 15 -1 -1 -1 -1 -1 -1 -1 -1 10 -1 -1 -1 -1 -1 -1 -1 -1 -1 14 -1 -1 -1 -1 -1 -1 -1 -1 16 -1 -1 -1 -1 -1 -1 -1 -1 10 -1 -1 -1 -1 -1 -1 -1 -1 20 -1 -1 -1 -1 -1 -1 -1 -1 18 -1 -1 -1 -1 -1 -1 -1 -1 11 -1 -1 -1 -1 -1 -1 -1 -1 19 -1 -1 -1 -1 -1 -1 -1 -1 -1 18 -1 -1 -1 -1 -1 -1 -1 -1 10 -1 -1 -1 -1 -1 -1 -1 -1 18 -1 -1 -1 -1 -1 -1 -1 -1 11 -1 -1 -1 -1 -1 -1 -1 -1 15 -1 -1 -1 -1 -1 -1 -1 -1 16 -1 -1 -1 -1 -1 -1 -1 -1 13 -1 -1 -1 -1 -1 -1 -1 -1 -1 15 -1 -1 -1 -1 -1 -1 -1 -1 19 -1 -1 -1 -1 -1 -1 -1 -1 14 -1 -1 -1 -1 -1 -1 -1 -1 16 -1 -1 -1 -1 -1 -1 -1 -1 16 -1 -1 -1 -1 -1 -1 -1 -1 13 -1 -1 -1 -1 -1 -1 -1 -1 15 -1 -1 -1 -1 -1 -1 -1 -1 -1 15 -1 -1 -1 -1 -1 -1 -1 -1 19 -1 -1 -1 -1 -1 -1 -1 -1 13 -1 -1 -1 -1 -1 -1 -1 -1 15 -1 -1 -1 -1 -1 -1 -1 -1 15 -1 -1 -1 -1 -1 -1 -1 -1 11 -1 -1 -1 -1 -1 -1 -1 -1 12 -1 -1 -1 -1 -1 -1 -1 -1 -1 17 -1 -1 -1 -1 -1 -1 -1 -1 11 -1 -1 -1 -1 -1 -1 -1 -1 12 -1 -1 -1 -1 -1 -1 -1 -1 11 -1 -1 -1 -1 -1 -1 -1 -1 17 -1 -1 -1 -1 -1 -1 -1 -1 14 -1 -1 -1 -1 -1 -1 -1 -1 11 -1 -1 -1 -1 -1 -1 -1 -1 -1 17 -1 -1 -1 -1 -1 -1 -1 -1 13 -1 -1 -1 -1 -1 -1 -1 -1 15 -1 -1 -1 -1 -1 -1 -1 -1 12 -1 -1 -1 -1 -1 -1 -1 -1 19 -1 -1 -1 -1 -1 -1 -1 -1 14 -1 -1 -1 -1 -1 -1 -1 -1 16 -1 -1 -1 -1 -1 -1 -1 -1
30 28 25 24 29 29 24 22 24 24